3000013961
2000291142
2000274256
2000225089
2000225089
2000225089
3000013907
2000214254
2000214254
2000214254
2000214254
2000214254
2000214254
2000231497
2000303939
3000023742
3000023742
3000023742
2000305559
2000239908
2000218876
2000218876
3000016395
2000283584
2000286027
2000234412
2000219867
2000222990
2000283553
2000218876
3000026852
3000026852
3000026852
3000026852
3000026852
3000026852
2000327893
2000327893
2000327893
2000276030
3000026852
3000026852
3000026852
3000026852
3000026852
2000247942
2000286133
2000268834
2000221442
2000221442
2000221442
2000221442
2000221442
2000221442
2000221442
2000221442
2000211877
2000221442
2000307967
2000231111
2000218204
2000247942
2000291853
2000221442
3000016031
2000235664
2000235664
3000026853
3000026853
3000026853
2000235664
2000289981
2000235769
2000348733
2000348733
2000220173
2000231382
2000255781
3000027125
2000276481
2000230757
2000228886
2000228886
2000230488
2000289586
2000232290
2000333741
2000291490
2000291490
2000291490
2000291490
2000262551
2000233333
2000233333
2000233333
2000305778
2000292733
2000212880
3000023911
2000218876
2000295724
2000295724
2000218876
2000240385
2000237134
2000237134
2000233056
3000026533
2000234011
2000292272
2000218876
2000218876
2000218876
2000218876
2000218876
2000284699
2000273402
2000209750
2000238164
2000303792
2000222115
2000236914
2000224044
2000301632
2000218876
2000281527
3000012858
2000331743
2000253222
3000021864
2000232787
2000239336
2000228104
2000241605
2000287844
2000228104
2000268834
3000015002
2000242728
2000242728
2000228691
3000014234
2000224772
2000224772
2000229427
2000306719
2000260672
2000260672
3000012873
2000237320
2000221521
2000241775
2000233816
2000234133
2000212125
2000212125
2000212125
2000224180
2000332716
2000307881
2000235057
2000230980
2000230336
2000230336
2000328070
2000231841
2000221442
2000232003
2000252673
2000232921
2000232996
2000232766
2000232921
2000222340
2000231864
2000218876
2000259420
2000259420
2000259420
2000262369
2000259420
2000234771
2000230200
2000336985
2000234099
2000336985
2000288907
3000021353
2000291814
2000248201
2000248201
2000291814
2000291814
2000259591
2000231113
2000279877
2000285013
2000229564
2000296835
2000259365
2000247887
2000292642
2000238743
2000261321
2000263947
2000275159
2000275159
2000264394
2000332983
2000220168
2000227795
2000268083
2000268083
2000268083
2000219700
2000235623
2000232126
2000259856
2000264030
2000230621
2000233828
2000222142
3000020170
2000228811
3000020170
3000020170
2000234062
2000263709
2000232733
2000229961
2000229917
2000265809
2000242820
2000220398
2000289602
2000351270
2000232126
2000236893
2000235275
2000228943
2000228261
2000236788
2000242045
2000225860
2000274482
2000233377
2000233377
2000230016
2000238727
2000238727
2000238727
2000347091
2000242820
2000231326
2000235646
2000293612
2000269566
2000269566
2000253479
2000231691
2000219686
2000288618
3000026851
2000212125
2000212125
2000212125
2000228621
2000298996
2000231716
2000212125
2000241847
2000225940
2000278608
2000278608
2000231474
2000212125
2000269566
2000296114
2000241847
2000241847
2000263738
2000263738
2000231691
2000291696
2000212125
2000233687
2000207923
2000229939
2000229939
2000232759
2000253008
2000274854
2000302436
2000234833
2000234307
2000231670
2000231670
2000231670
2000231670
2000218372
2000260858
2000377361
2000260858
2000377361
2000224435
2000260858
2000212125
2000333445
2000228811
2000228811
2000262022
2000224471
2000219835
2000218876
2000298371
2000224360
2000231713
2000218530
2000218530
2000230542
2000262369
2000236908
2000217668
2000217668
2000217668
2000299634
2000245474
2000245474
2000245474
2000233040
2000258517
2000233040
2000233040
2000223053
2000294393
3000015381
2000303542
2000303542
2000303542
2000303542
2000303542
2000230475
3000015381
2000233377
2000228811
2000228886
2000237677
2000235275
2000235275
2000231536
2000235593
2000216899
3000016291
3000016291
2000235593
2000235593
2000258817
3000016291
3000016291
3000016291
2000235593
2000285111
2000304692
2000229473
3000016291
2000259385
2000305991
2000230573
2000228050
2000290999
2000235172
2000233949
2000231028
2000218876
2000225918
2000365075
2000245343
3000029181
2000234496
2000229708
2000235275
2000245343
2000235275
2000229893
2000225809
2000235275
2000235275
2000231671
2000235275
2000231536
2000228700
2000235275
2000231251
2000235275
2000247121
2000225321
2000235275
2000235275
2000235275
2000235275
2000222255
2000228017
2000228017
2000228017
2000235275
2000249473
2000278212
2000240848
2000233959
2000295781
2000251876
2000230105
2000233959
2000255759
2000238088
2000245343
2000235275
2000355841
2000245343
2000235170
2000233676
2000233676
2000355841
2000355841
2000273154
2000227379
2000235944
2000233516
2000233959
3000016799
2000227379
2000232215
2000307276
2000227379
2000231757
2000227058
2000232150
2000230653
2000255159
2000249466
2000265391
2000285194
2000233959
2000277544
2000280875
2000280875
2000245343
2000245343
2000277137
2000251876
2000251876
2000253069
2000233959
2000263685
3000016799
2000243616
2000233516
2000233959
2000258479
2000273029
2000273029
2000235275
2000229450
2000289846
2000235847
2000238338
2000263685
2000236142
2000236142
2000236142
2000235345
2000277840
2000277840
2000277840
2000277840
2000277840
2000277840
2000277840
2000277840
2000277840
2000277840
2000277840
2000277840
2000277840
2000277840
2000277840
2000277840
2000277840
2000277840
2000277840
2000233025
2000239240
6666666862
6666666862
3000042286
2000234090
2000228427
2000230156
2000288370
2000260762
2000277840
2000277840
2000277840
2000277840
2000277840
2000277840
2000277840
2000277840
2000277840
2000277840
2000277840
2000277840
3000025303
3000025302
2000277840
2000277840
2000277840
2000225343
2000245343
2000265848
2000231786
2000237733
2000229044
2000277840
2000238854
2000277840
3000030668
2000271505
2000271505
2000302527
2000302527
2000218007
2000221678
2000308360
2000308360
2000234089
2000221678
2000221678
2000234033
2000234033
2000264516
2000234033
2000228975
2000257286
2000236404
2000236404
2000239159
2000304755
2000366329
2000258942
2000234776
2000264516
2000292857
2000237439
2000366336
2000239141
2000234455
2000239141
2000295853
2000233906
2000228796
2000235407
2000227563
2000238361
2000289424
2000300203
2000221474
2000270036
2000298739
2000288164
2000358759
2000288164
2000269748
2000221474
2000228437
2000237979
2000237979
2000270402
2000270460
2000225108
2000225108
2000225108
2000225108
2000225108
2000225108
2000225108
2000225108
2000231520
2000262369
2000237979
2000251314
2000270402
2000270402
2000234340
2000286003
2000264546
2000273029
2000237979
3000040324
2000251314
2000231717
3000029341
2000263244
2000208593
2000245986
2000245986
2000245986
2000245986
2000245986
2000242098
2000239136
2000279967
2000253688
2000281478
2000238343
2000238343
2000294461
2000248258
2000288508
6666666862
2000271403
2000225216
2000303175
2000327148
2000242294
2000265521
3000016063
2000303921
2000304189
2000271030
2000223914
2000261220
2000286410
2000239930
2000239930
2000239930
2000239930
2000239930
2000239930
2000239930
2000262282
2000271220
2000238219
2000267856
2000289899
3000026830
2000295853
2000295853
2000263685
2000257306
2000347091
2000302527
2000302527
3000040014
2000267392
2000232672
2000232672
2000275633
2000351828
2000354416
2000302436
2000304042
2000298594
2000266872
2000234137
2000298805
2000298805
2000240213
2000298381
2000237140
2000237140
2000237140
2000237140
2000237140
2000276947
2000299334
3000017944
2000238983
2000237140
2000283506
2000276045
2000238330
2000233956
2000335691
2000282617
2000282617
6666666878
2000339657
6666666878
6666666878
6666666878
2000270003
2000270003
2000272941
3000022870
2000308376
2000294094
2000296429
2000355316
2000259484
2000259484
2000355316
2000276947
2000355316
2000276947
2000287728
2000280887
2000377793
2000286756
2000248664
2000290266
2000261276
2000261276
2000298615
2000298615
2000298615
2000298615
2000298615
2000298615
2000298615
2000298615
2000262624
2000245343
2000228427
2000258486
2000258486
2000258486
2000258486
2000283592
2000286003
2000355316
2000303554
2000308701
2000287659
2000355316
2000292180
2000236072
2000261567
2000261567
2000248195
2000248195
3000022870
3000022870
2000265457
2000261290
2000258213
2000336410
2000250801
2000262182
2000265826
2000265457
2000237170
2000272561
3000017944
2000245343
2000245597
3000040115
2000263402
2000378616
2000303672
2000304717
2000306310
2000305452
2000294597
2000307145
2000307145
2000298615
2000234070
2000294900
2000298322
2000355316
2000333445
2000303234
2000258612
2000258612
2000298615
2000360696
2000274606
2000350859
2000298996
2000237677
2000352776
2000374888
2000260440
2000260440
2000260440
2000301431
2000241632
2000342385
2000333490
2000238590
2000238590
2000268851
2000268851
2000294709
2000239930
2000343230
2000262458
2000308991
2000380673
3000029341
2000259484
2000230539
3000017944
2000268846
2000265796
2000298361
3000026796
2000271035
2000305453
2000301840
2000301840
2000247416
2000261471
2000291602
2000338040
2000338040
2000295662
2000261620
2000270496
3000023553
3000018934
3000018934
2000235038
2000245733
2000299782
2000294228
2000294228
2000294228
2000262504
2000305536
2000254740
2000278372
3000021354
3000021354
3000021354
3000021354
2000298875
2000353040
2000264516
2000244510
2000328232
2000273886
2000263402
2000277292
2000260948
2000269295
3000023146
2000247253
3000021354
2000274057
2000257410
2000249934
2000249934
2000299558
3000022812
2000262548
2000262548
2000262548
2000262548
2000274847
2000274847
2000306979
2000349427
2000274328
2000336440
2000295345
2000286281
2000286281
2000294276
2000289465
2000363753
2000363753
2000307987
2000240631
2000256992
2000262034
2000304133
2000301290
2000294224
2000301290
2000301290
2000301290
2000301290
2000301290
2000303535
2000287430
2000272137
2000278562
2000255953
2000296206
2000375329
2000295923
2000277137
2000302437
2000276478
2000276478
2000276478
2000288790
2000259750
2000294081
2000256878
2000264903
2000307639
2000278673
2000275724
2000275724
2000275724
2000275724
2000275724
3000029336
3000029336
3000029336
2000347630
2000293521
2000276478
2000229564
2000243306
2000233351
2000261567
2000261567
2000261567
2000261567
2000258785
3000029336
2000261402
2000264271
3000029336
3000029336
3000029336
2000300121
2000257434
2000282164
2000303070
3000029336
2000280793
3000030668
2000361750
2000276977
2000295447
2000288385
2000273063
2000273063
2000263761
2000302341
2000285188
2000308691
3000029335
2000288385
2000285188
2000285188
2000252100
2000277253
3000022814
2000335034
3000027257
2000372292
2000305430
2000267858
2000265156
2000264271
2000295828
2000299857
2000300099
2000366410
2000262139
2000287659
2000258410
2000258163
2000301731
2000262110
2000290448
2000308545
2000262508
2000359288
2000359288
2000260598
2000259712
2000302021
2000368634
2000368634
2000368634
2000368634
2000235237
2000283390
2000308991
2000286930
2000301385
2000335691
2000332995
2000280015
2000268753
2000259385
2000290319
2000235504
2000235504
2000261253
6666666882
6666666882
2000263378
2000307344
2000362939
3000035671
3000035671
3000035671
2000329366
2000350747
2000287000
2000296424
2000287005
2000275107
2000281529
2000281529
6666666809
2000259504
2000262182
2000275107
2000281529
2000384777
3000017944
2000295892
2000371252
2000329991
2000329991
3000029334
3000029334
3000029334
2000274959
2000274959
2000292829
2000292829
2000350747
3000029336
3000029336
2000346902
2000278412
2000278412
2000228705
2000278412
2000260575
2000260575
2000307987
3000030668
6666666809
3000022987
2000296671
2000263962
2000300196
2000390274
2000262369
2000271855
3000030668
2000262586
2000262586
2000289598
2000374382
3000026886
2000291537
2000301218
3000026886
6666666809
2000278355
2000234509
2000234509
2000258516
2000258516
2000260449
2000397071
2000296909
2000293521
2000293521
2000256158
2000281109
2000281109
